really:0.56145619439224992 love:0.23302537487517577 camera:0.56145619439224992 stupidly:0.56145619439224992
really:0.65309107183447779 love:0.27105728525552131 great:0.65309107183447779 device:0.27105728525552131
camera:0.65309107183447779 love:0.27105728525552131 great:0.65309107183447779 device:0.27105728525552131
difficult:0.66037695430324994 device:0.13704059984770006 video:0.66037695430324994 stupidly:0.33018847715162497
